12.566666666666666
[ 0. 14. 15.  8. 12.  9. 14. 14. 14. 13. 16. 15. 15. 16. 16. 13.  3.  9.
 15. 10. 13. 20. 12. 12. 11. 10.  8. 11. 12. 20.  7.]
[  0.         101.72385335  91.92796159  90.68208814  89.89587402
  90.58408904  91.77744603  92.0378685   90.73396778  91.83913898
  91.93281674  96.00954485  90.82879782  90.76540971  92.37679744
  90.9055984   90.7939043   91.31572151  94.54202199  90.29156852
  89.283108    89.48024035  87.40813208  85.44707584  81.58838487
  80.78175879  78.99140429  69.97443867  69.52331829  69.74341631
  69.47163606]
