10.633333333333333
[ 0.  2. 13. 14.  6. 12. 10.  9.  5. 16. 18. 15.  4. 17. 12.  1. 17. 16.
 13. 10. 16. 17.  0. 10.  4.  2. 13. 13. 12. 15.  7.]
[  0.          98.84683013  95.63401031  97.86261106  94.92030191
  96.55785704 100.92758322  98.03011274  94.57151437  95.21357775
  96.27621007  95.46304011  96.51107049  95.23014569  95.45243788
  97.42250276  95.86221099  94.18283653  94.63750648  93.44171429
  90.83273959  90.68866563  87.09670305  84.15652347  80.97347546
  79.02945065  71.23819065  70.09909534  70.04810214  70.03228426
  69.52268267]
