16.5
[ 0.  9. 22. 15. 19. 19. 14.  8. 22. 13. 21. 11. 14. 22. 13. 19. 14. 20.
 19. 17. 15. 20. 14. 18. 10.  8. 24. 16. 19. 24. 16.]
[  0.         100.4324162   83.17411447  84.76752067  83.96565866
  83.86722684  81.78374457  81.44649625  84.56979036  82.80325842
  83.27675271  83.74845338  87.05110836  82.77410102  81.25221658
  81.50199246  84.00985217  85.60035563  81.3459425   81.97035933
  81.58861613  81.64805388  80.94531751  78.25975966  78.04473519
  76.30709791  69.76610804  65.93189478  66.34683633  66.986099
  61.87429309]
