4.933333333333334
[ 0.  0. 13. 14.  1.  9.  7.  0.  0.  4.  3.  7.  5.  0.  5.  6.  0.  4.
 10.  8. 11.  3.  0.  0.  9. 10. 11.  0.  0.  0.  8.]
[  0.          99.73009229  95.84634614  99.84787655  94.63122892
  95.73107147 100.53668261  98.7380476   94.97826505  95.41538382
  94.80197001  95.30426717  94.77758789  96.51912642  95.25452685
  97.09893489  94.13940024  94.46858454  94.07119441  91.55659103
  90.65142369  91.25709343  87.73772025  81.62862182  80.44766665
  79.85263991  70.45946622  69.50242853  69.37254477  69.33467841
  69.38841748]
