4.7
[ 0.  5.  8.  3.  2. 10.  9. 10.  5.  3. 13. 12.  4.  0.  0.  8.  0.  4.
  7.  3.  2.  0.  0.  9.  3.  8.  7.  6.  0.  0.  0.]
[  0.         101.19145131  92.80813527  93.72021174  90.78703356
  92.33061218  91.22190738  91.86203647  94.88956547  92.72523499
  92.94119477  91.10814309  91.73474979  92.00012207  91.32821083
  91.7773633   91.44681644  94.08364511  91.83982611  91.26363039
  91.08888435  88.09570909  88.15045214  84.0137639   82.34725046
  81.62378979  78.57195044  70.31189775  70.14730644  70.37785983
  70.1674037 ]
