13.9
[ 0. 15. 23. 10. 19.  5. 15.  8. 13. 19. 10. 14.  8. 21.  2. 16. 23. 20.
 18. 21. 14. 16. 13.  0. 12. 17. 15. 13. 11. 16. 10.]
[  0.         101.39072275  81.51343203  77.57350373  83.75696707
  78.34399247  81.27782679  84.7614131   79.23629999  80.74598336
  79.26635313  78.98819423  77.73336625  78.25989532  78.22920847
  77.84930944  77.40771794  79.30667734  77.18634343  77.80382514
  81.45816207  77.84267211  79.89401627  82.24815702  76.62335134
  77.83758259  72.97393155  70.4807539   69.54162908  69.11468673
  67.086905  ]
