9.166666666666666
[ 0.  3. 10. 14. 12. 10. 10.  7.  6.  4.  5. 15. 16.  4.  3. 17.  7. 11.
 17. 13. 18. 12. 12.  7.  4. 11. 12.  8.  5.  2.  0.]
[  0.         100.13447762  83.20083761  83.76333022  81.35850763
  84.38838625  84.43675208  81.63528204  86.20141578  82.11705637
  84.00588179  83.64036775  83.10962009  81.41068292  81.29661965
  82.26657581  82.37560534  84.73042274  80.61867142  81.79731631
  80.91838884  81.75443864  78.22225833  78.26073956  77.44805694
  76.82190084  70.67114973  65.7208941   66.12965679  67.07269216
  62.72734118]
