8.433333333333334
[ 0.  9. 11.  1. 11.  7.  7.  0. 11. 16.  8.  6.  2. 11. 14. 11.  8. 19.
  0.  7. 11. 13. 12.  0.  0.  9.  8. 14. 14.  4.  9.]
[  0.          97.57076144  94.67015696  99.03554749  95.32027292
  97.00854564  95.636971    97.42773318  95.8443141   97.28012443
  96.07084775  93.51116705  93.63683629  94.45123315  96.57314587
 101.29007077  93.25495625  94.78304219  93.80485225  92.47999597
  91.16102529  90.68747211  87.62605405  78.97150087  76.28537035
  76.88641119  74.10944819  69.61387134  69.67933941  69.59495401
  69.48997712]
