
0.1
2.5
11.166666666666666
18.6
25.6
25.9
20.4
19.6
15.866666666666667
12.566666666666666
15.133333333333333
20.833333333333332
25.866666666666667
19.533333333333335
20.266666666666666
18.133333333333333
10.633333333333333
15.833333333333334
19.066666666666666
25.233333333333334
21.6
22.5
16.5
13.466666666666667
17.0
22.333333333333332
19.2
13.866666666666667
13.6
10.066666666666666
4.933333333333334
7.966666666666667
13.266666666666667
20.866666666666667
12.8
12.8
11.166666666666666
4.7
8.1
12.4
22.2
14.033333333333333
14.666666666666666
13.9
5.766666666666667
10.833333333333334
15.233333333333333
23.233333333333334
15.5
13.7
10.566666666666666
5.166666666666667
9.166666666666666
14.833333333333334
20.866666666666667
12.8
12.866666666666667
11.966666666666667
4.933333333333334
9.9
15.033333333333333
24.133333333333333
17.933333333333334
18.8
13.7
8.433333333333334
14.633333333333333
20.533333333333335
