
0.13333333333333333
2.7666666666666666
12.866666666666667
23.966666666666665
34.4
34.333333333333336
26.833333333333332
26.566666666666666
18.5
14.666666666666666
19.2
27.666666666666668
32.56666666666667
24.6
25.166666666666668
21.133333333333333
13.933333333333334
19.366666666666667
24.833333333333332
35.4
27.633333333333333
28.533333333333335
20.166666666666668
15.966666666666667
21.0
28.6
24.833333333333332
16.566666666666666
16.366666666666667
12.6
6.3
10.466666666666667
16.333333333333332
26.466666666666665
16.766666666666666
16.433333333333334
12.866666666666667
6.133333333333334
9.166666666666666
16.4
26.1
16.133333333333333
17.8
15.033333333333333
6.433333333333334
12.566666666666666
18.266666666666666
29.0
20.166666666666668
18.6
13.166666666666666
6.433333333333334
12.466666666666667
19.1
27.566666666666666
17.1
17.266666666666666
15.233333333333333
6.566666666666666
12.5
19.5
31.966666666666665
22.266666666666666
23.466666666666665
15.466666666666667
10.233333333333333
17.5
22.433333333333334
